(gdb) print game
$1 = {f_s = 3, f_s_uniform_layer = 0, f_s_uniform_model = 1, 
	f_s_uniform_projection = 2, s_s = 6, s_s_uniform_model = 0, 
	s_s_uniform_projection = 1, s_b = 1, s_m = 1, s_m_vertex_count = 6, 
	texture_bg = 1, t_bird = 2, t_pipebottom = 3, t_pipetop = 4, l_sec = 0, l_frme = 0, 
	num_frame = 0, running = false, game_over = false, space = false, score = 0, camera = -3, bird_pos_x = -6, 
	bird_pos_y = 0, bird_vel_x = 6, bird_vel_y = 0, pipes = {1.44373512, -0.313151002, 1.713238, -1.95697975, 
		-0.598458171, 0.747582912, 0.618537664, 1.26028895, -0.704313159, -1.28132176, -1.04009104, 1.55479455, 
		-0.622066379, -0.572372317, -0.390028596, 1.26157236, -0.666015863, -0.343091726, -1.50718915, 1.65112114, 
		-0.828071237, -0.088632822, -0.344719172, 1.2389884, -1.98100626, 1.5548594, 1.39654279, 1.47093654, -0.323384881, 
		-1.89499164, -0.861302614, -0.879649878, -0.208142519, -1.14806473, -0.836629629, 1.19339919, 1.5995183, 
		1.78190804, 0.453688145, -1.10479498, -1.49941373, 1.41359711, -1.55000055, -0.121480107, -1.15877521, 
		0.0599708557, -0.859907627, 0.175208807, 1.71687913, -0.367096782, -0.173669934, -1.11119223, 1.54427052, 
		1.48161101, -1.87220383, 1.56326413, 1.03647041, 1.52433896, 1.03420067, -1.28691447, 1.62934732, -1.82710195, 
		-0.166564345, -0.578795195, -0.975166559, 0.996806145, -1.38539588, -1.37564838, 0.77871418, 1.06829214, 
		-0.480443478, 1.27930045, 0.481889248, -0.0304439068, -0.842179537, 1.32311416, -1.97047317, 0.297912836, 
		-0.501677036, 1.74640584, 1.93081617, 1.32465315, -1.36478627, 1.47508645, 0.806263924, -1.23698997, 1.03835058, 
		-0.157265544, -1.71265101, 0.0725514889, 0.555819988, 1.91669655, 0.245449543, -1.61074424, -0.662098646, 
		1.27028298, 1.38606191, -0.0474946499, 1.89463449, 0.164776087, -0.97920239, -0.585808873, -0.555923343, 
		1.50268698, 1.3837471, 0.601897001, 0.825801134, 1.41327405, -1.10019016, -1.6758759, 1.15967989, -1.16937399, 
		1.64877725, 1.79489374, -1.69428754, 0.45504117, -1.44209635, 1.34406304, -1.70222425, -1.15474725, -0.583385348, 
		0.853595734, -1.23805094, 1.66206408, 1.2428515, 0.0998504162, 0.932347059, 0.628913164, -1.94764411, 0.826981544, 
		-1.20631075, -0.926846504, -1.75882721, 0.237765789, -1.42415953, 1.62491989, -1.16033697, 1.40164161, 1.03819394, 
		-0.260527134, 1.72576571, 0.197873831, 0.570098877, 1.37454271, -0.0072324276, 0.875811338, -0.170415998, 
		0.550671339, 0.219874382, 0.127359629, 1.39592385, 1.63648915, -1.01904464, -1.84212697, 1.29855323, -1.77619326, 
		0.25772357, 0.230900288, 0.852720022, 0.310079336, -0.942118049, 1.64640927, 1.38323283, -0.700945258, 
		--Type <RET> for more, q to quit, c to continue without paging--
		-0.115824819, 1.95907331, -1.07602537, 0.723838091, 1.36071467, 1.96216869, -1.53668904, 1.08648038, 0.160042524, 
		1.03340983, 0.461023092, -1.8471899, -0.0907789469, -1.70939291, 0.703481436, -1.87090456, 0.417966843, 
		0.0994052887, 1.76558447, 1.3989222, 0.257278442, 1.0641377, 1.62272882, -1.48499811, -0.704962015, 0.475448847, 
		0.82508111, 0.352919817, 0.12185812, 0.208313942, 1.65197468, -1.99396682, 0.167387247, -1.42405069, 0.729871273, 
		-0.471898198...}}
		(gdb) c
		Continuing.
		
		Thread 1 "flappy" hit Breakpoint 4, main (argc=<optimized out>, argv=<optimized out>) at src/main.c:473
		473             glfwGetFramebufferSize(window, &width, &height);
		(gdb) print game
		$2 = {f_s = 3, f_s_uniform_layer = 0, f_s_uniform_model = 1, 
			f_s_uniform_projection = 2, s_s = 6, s_s_uniform_model = 0, 
			s_s_uniform_projection = 1, s_b = 1, s_m = 1, s_m_vertex_count = 6, 
			texture_bg = 1, t_bird = 2, t_pipebottom = 3, t_pipetop = 4, l_sec = 0, l_frme = 0, 
			num_frame = 0, running = false, game_over = false, space = false, score = 0, camera = -3, bird_pos_x = -6, 
			bird_pos_y = 0, bird_vel_x = 6, bird_vel_y = 0, pipes = {1.44373512, -0.313151002, 1.713238, -1.95697975, 
				-0.598458171, 0.747582912, 0.618537664, 1.26028895, -0.704313159, -1.28132176, -1.04009104, 1.55479455, 
				-0.622066379, -0.572372317, -0.390028596, 1.26157236, -0.666015863, -0.343091726, -1.50718915, 1.65112114, 
				-0.828071237, -0.088632822, -0.344719172, 1.2389884, -1.98100626, 1.5548594, 1.39654279, 1.47093654, -0.323384881, 
				-1.89499164, -0.861302614, -0.879649878, -0.208142519, -1.14806473, -0.836629629, 1.19339919, 1.5995183, 
				1.78190804, 0.453688145, -1.10479498, -1.49941373, 1.41359711, -1.55000055, -0.121480107, -1.15877521, 
				0.0599708557, -0.859907627, 0.175208807, 1.71687913, -0.367096782, -0.173669934, -1.11119223, 1.54427052, 
				1.48161101, -1.87220383, 1.56326413, 1.03647041, 1.52433896, 1.03420067, -1.28691447, 1.62934732, -1.82710195, 
				-0.166564345, -0.578795195, -0.975166559, 0.996806145, -1.38539588, -1.37564838, 0.77871418, 1.06829214, 
				-0.480443478, 1.27930045, 0.481889248, -0.0304439068, -0.842179537, 1.32311416, -1.97047317, 0.297912836, 
				-0.501677036, 1.74640584, 1.93081617, 1.32465315, -1.36478627, 1.47508645, 0.806263924, -1.23698997, 1.03835058, 
				-0.157265544, -1.71265101, 0.0725514889, 0.555819988, 1.91669655, 0.245449543, -1.61074424, -0.662098646, 
				1.27028298, 1.38606191, -0.0474946499, 1.89463449, 0.164776087, -0.97920239, -0.585808873, -0.555923343, 
				1.50268698, 1.3837471, 0.601897001, 0.825801134, 1.41327405, -1.10019016, -1.6758759, 1.15967989, -1.16937399, 
				1.64877725, 1.79489374, -1.69428754, 0.45504117, -1.44209635, 1.34406304, -1.70222425, -1.15474725, -0.583385348, 
				0.853595734, -1.23805094, 1.66206408, 1.2428515, 0.0998504162, 0.932347059, 0.628913164, -1.94764411, 0.826981544, 
				-1.20631075, -0.926846504, -1.75882721, 0.237765789, -1.42415953, 1.62491989, -1.16033697, 1.40164161, 1.03819394, 
				-0.260527134, 1.72576571, 0.197873831, 0.570098877, 1.37454271, -0.0072324276, 0.875811338, -0.170415998, 
				0.550671339, 0.219874382, 0.127359629, 1.39592385, 1.63648915, -1.01904464, -1.84212697, 1.29855323, -1.77619326, 
				0.25772357, 0.230900288, 0.852720022, 0.310079336, -0.942118049, 1.64640927, 1.38323283, -0.700945258, 
				--Type <RET> for more, q to quit, c to continue without paging--
				-0.115824819, 1.95907331, -1.07602537, 0.723838091, 1.36071467, 1.96216869, -1.53668904, 1.08648038, 0.160042524, 
				1.03340983, 0.461023092, -1.8471899, -0.0907789469, -1.70939291, 0.703481436, -1.87090456, 0.417966843, 
				0.0994052887, 1.76558447, 1.3989222, 0.257278442, 1.0641377, 1.62272882, -1.48499811, -0.704962015, 0.475448847, 
				0.82508111, 0.352919817, 0.12185812, 0.208313942, 1.65197468, -1.99396682, 0.167387247, -1.42405069, 0.729871273, 
				-0.471898198...}}
				(gdb) print wndow
				No symbol "wndow" in current context.
				(gdb) print window
				$3 = (GLFWwindow *) 0x555555634a80
				(gdb) print *window
				$4 = <incomplete type>
				(gdb) print delta
				$5 = 0.63587766199999995
				(gdb) c
				Continuing.
				FPS: 1  (1000.000000 ms/frame)
				
				Thread 1 "flappy" hit Breakpoint 3, main (argc=<optimized out>, argv=<optimized out>) at src/main.c:470
				470             change_gme(&game, window, delta);
				(gdb) print game
				$6 = {f_s = 3, f_s_uniform_layer = 0, f_s_uniform_model = 1, 
					f_s_uniform_projection = 2, s_s = 6, s_s_uniform_model = 0, 
					s_s_uniform_projection = 1, s_b = 1, s_m = 1, s_m_vertex_count = 6, 
					texture_bg = 1, t_bird = 2, t_pipebottom = 3, t_pipetop = 4, l_sec = 0, l_frme = 0, 
					num_frame = 0, running = false, game_over = false, space = false, score = 0, camera = -3, bird_pos_x = -6, 
					bird_pos_y = 0, bird_vel_x = 6, bird_vel_y = 0, pipes = {1.44373512, -0.313151002, 1.713238, -1.95697975, 
						-0.598458171, 0.747582912, 0.618537664, 1.26028895, -0.704313159, -1.28132176, -1.04009104, 1.55479455, 
						-0.622066379, -0.572372317, -0.390028596, 1.26157236, -0.666015863, -0.343091726, -1.50718915, 1.65112114, 
						-0.828071237, -0.088632822, -0.344719172, 1.2389884, -1.98100626, 1.5548594, 1.39654279, 1.47093654, -0.323384881, 
						-1.89499164, -0.861302614, -0.879649878, -0.208142519, -1.14806473, -0.836629629, 1.19339919, 1.5995183, 
						1.78190804, 0.453688145, -1.10479498, -1.49941373, 1.41359711, -1.55000055, -0.121480107, -1.15877521, 
						0.0599708557, -0.859907627, 0.175208807, 1.71687913, -0.367096782, -0.173669934, -1.11119223, 1.54427052, 
						1.48161101, -1.87220383, 1.56326413, 1.03647041, 1.52433896, 1.03420067, -1.28691447, 1.62934732, -1.82710195, 
						-0.166564345, -0.578795195, -0.975166559, 0.996806145, -1.38539588, -1.37564838, 0.77871418, 1.06829214, 
						-0.480443478, 1.27930045, 0.481889248, -0.0304439068, -0.842179537, 1.32311416, -1.97047317, 0.297912836, 
						-0.501677036, 1.74640584, 1.93081617, 1.32465315, -1.36478627, 1.47508645, 0.806263924, -1.23698997, 1.03835058, 
						-0.157265544, -1.71265101, 0.0725514889, 0.555819988, 1.91669655, 0.245449543, -1.61074424, -0.662098646, 
						1.27028298, 1.38606191, -0.0474946499, 1.89463449, 0.164776087, -0.97920239, -0.585808873, -0.555923343, 
						1.50268698, 1.3837471, 0.601897001, 0.825801134, 1.41327405, -1.10019016, -1.6758759, 1.15967989, -1.16937399, 
						1.64877725, 1.79489374, -1.69428754, 0.45504117, -1.44209635, 1.34406304, -1.70222425, -1.15474725, -0.583385348, 
						0.853595734, -1.23805094, 1.66206408, 1.2428515, 0.0998504162, 0.932347059, 0.628913164, -1.94764411, 0.826981544, 
						-1.20631075, -0.926846504, -1.75882721, 0.237765789, -1.42415953, 1.62491989, -1.16033697, 1.40164161, 1.03819394, 
						-0.260527134, 1.72576571, 0.197873831, 0.570098877, 1.37454271, -0.0072324276, 0.875811338, -0.170415998, 
						0.550671339, 0.219874382, 0.127359629, 1.39592385, 1.63648915, -1.01904464, -1.84212697, 1.29855323, -1.77619326, 
						0.25772357, 0.230900288, 0.852720022, 0.310079336, -0.942118049, 1.64640927, 1.38323283, -0.700945258, 
						--Type <RET> for more, q to quit, c to continue without paging--
						-0.115824819, 1.95907331, -1.07602537, 0.723838091, 1.36071467, 1.96216869, -1.53668904, 1.08648038, 0.160042524, 
						1.03340983, 0.461023092, -1.8471899, -0.0907789469, -1.70939291, 0.703481436, -1.87090456, 0.417966843, 
						0.0994052887, 1.76558447, 1.3989222, 0.257278442, 1.0641377, 1.62272882, -1.48499811, -0.704962015, 0.475448847, 
						0.82508111, 0.352919817, 0.12185812, 0.208313942, 1.65197468, -1.99396682, 0.167387247, -1.42405069, 0.729871273, 
						-0.471898198...}}
						(gdb) c
						Continuing.
						
						Thread 1 "flappy" hit Breakpoint 4, main (argc=<optimized out>, argv=<optimized out>) at src/main.c:473
						473             glfwGetFramebufferSize(window, &width, &height);
						(gdb) print game
						$7 = {f_s = 3, f_s_uniform_layer = 0, f_s_uniform_model = 1, 
							f_s_uniform_projection = 2, s_s = 6, s_s_uniform_model = 0, 
							s_s_uniform_projection = 1, s_b = 1, s_m = 1, s_m_vertex_count = 6, 
							texture_bg = 1, t_bird = 2, t_pipebottom = 3, t_pipetop = 4, l_sec = 0, l_frme = 0, 
							num_frame = 0, running = false, game_over = false, space = false, score = 0, camera = -3, bird_pos_x = -6, 
							bird_pos_y = 0, bird_vel_x = 6, bird_vel_y = 0, pipes = {1.44373512, -0.313151002, 1.713238, -1.95697975, 
								-0.598458171, 0.747582912, 0.618537664, 1.26028895, -0.704313159, -1.28132176, -1.04009104, 1.55479455, 
								-0.622066379, -0.572372317, -0.390028596, 1.26157236, -0.666015863, -0.343091726, -1.50718915, 1.65112114, 
								-0.828071237, -0.088632822, -0.344719172, 1.2389884, -1.98100626, 1.5548594, 1.39654279, 1.47093654, -0.323384881, 
								-1.89499164, -0.861302614, -0.879649878, -0.208142519, -1.14806473, -0.836629629, 1.19339919, 1.5995183, 
								1.78190804, 0.453688145, -1.10479498, -1.49941373, 1.41359711, -1.55000055, -0.121480107, -1.15877521, 
								0.0599708557, -0.859907627, 0.175208807, 1.71687913, -0.367096782, -0.173669934, -1.11119223, 1.54427052, 
								1.48161101, -1.87220383, 1.56326413, 1.03647041, 1.52433896, 1.03420067, -1.28691447, 1.62934732, -1.82710195, 
								-0.166564345, -0.578795195, -0.975166559, 0.996806145, -1.38539588, -1.37564838, 0.77871418, 1.06829214, 
								-0.480443478, 1.27930045, 0.481889248, -0.0304439068, -0.842179537, 1.32311416, -1.97047317, 0.297912836, 
								-0.501677036, 1.74640584, 1.93081617, 1.32465315, -1.36478627, 1.47508645, 0.806263924, -1.23698997, 1.03835058, 
								-0.157265544, -1.71265101, 0.0725514889, 0.555819988, 1.91669655, 0.245449543, -1.61074424, -0.662098646, 
								1.27028298, 1.38606191, -0.0474946499, 1.89463449, 0.164776087, -0.97920239, -0.585808873, -0.555923343, 
								1.50268698, 1.3837471, 0.601897001, 0.825801134, 1.41327405, -1.10019016, -1.6758759, 1.15967989, -1.16937399, 
								1.64877725, 1.79489374, -1.69428754, 0.45504117, -1.44209635, 1.34406304, -1.70222425, -1.15474725, -0.583385348, 
								0.853595734, -1.23805094, 1.66206408, 1.2428515, 0.0998504162, 0.932347059, 0.628913164, -1.94764411, 0.826981544, 
								-1.20631075, -0.926846504, -1.75882721, 0.237765789, -1.42415953, 1.62491989, -1.16033697, 1.40164161, 1.03819394, 
								-0.260527134, 1.72576571, 0.197873831, 0.570098877, 1.37454271, -0.0072324276, 0.875811338, -0.170415998, 
								0.550671339, 0.219874382, 0.127359629, 1.39592385, 1.63648915, -1.01904464, -1.84212697, 1.29855323, -1.77619326, 
								0.25772357, 0.230900288, 0.852720022, 0.310079336, -0.942118049, 1.64640927, 1.38323283, -0.700945258, 
								--Type <RET> for more, q to quit, c to continue without paging--
								-0.115824819, 1.95907331, -1.07602537, 0.723838091, 1.36071467, 1.96216869, -1.53668904, 1.08648038, 0.160042524, 
								1.03340983, 0.461023092, -1.8471899, -0.0907789469, -1.70939291, 0.703481436, -1.87090456, 0.417966843, 
								0.0994052887, 1.76558447, 1.3989222, 0.257278442, 1.0641377, 1.62272882, -1.48499811, -0.704962015, 0.475448847, 
								0.82508111, 0.352919817, 0.12185812, 0.208313942, 1.65197468, -1.99396682, 0.167387247, -1.42405069, 0.729871273, 
								-0.471898198...}}
								(gdb) print window
								$8 = (GLFWwindow *) 0x555555634a80
								(gdb) print delta
								$9 = 156.37434589399999
								
								
								
reset
{f_s = 3, f_s_uniform_layer = 0, f_s_uniform_model = 1, 
	f_s_uniform_projection = 2, s_s = 6, s_s_uniform_model = 0, 
	s_s_uniform_projection = 1, s_b = 1, s_m = 1, s_m_vertex_count = 6, 
	texture_bg = 1, t_bird = 2, t_pipebottom = 3, t_pipetop = 4, l_sec = 0, l_frme = 0, 
	num_frame = 0, running = true, game_over = true, space = false, score = 13, camera = 52.0507698, 
	bird_pos_x = 49.0507698, bird_pos_y = -2642.23608, bird_vel_x = 0, bird_vel_y = -201.168716, pipes = {-0.304639339, 
		0.065104723, 0.78592515, 0.860646248, 1.88823438, -0.698688388, 0.705235004, -0.258190751, 0.822467566, 
		-0.281115413, 1.06140375, 1.49435377, -1.08744097, 0.94686532, -1.167238, -0.295127749, -0.275979996, 1.08438158, 
		-0.568067789, 1.5222199, -0.175124407, -1.96337211, -0.942805529, 1.44969893, -0.930397391, 0.568900824, 
		1.3874228, -0.411714077, 0.366607904, 0.601116896, -0.208863139, -1.93803144, -1.33377826, -1.42293811, 
		0.922614813, -1.445544, -0.121626496, -0.372150183, 0.296265364, -1.29915881, 1.34673452, -0.642330885, 
		-1.80480504, -1.74070656, -1.69546568, -0.972043037, -0.0358343124, 0.0285542011, -1.88766158, 1.3960979, 
		-0.449225664, -0.0627858639, 1.43272567, 0.607968807, -0.613086939, -1.4976716, -0.82313025, -1.22566414, 
		0.0906143188, 1.54347777, 1.37545276, 1.8817513, 1.60544634, -1.95832539, -1.54118693, 0.528061152, -1.40386939, 
		0.337186575, -1.84408903, 0.892395973, 1.03802776, 1.50264549, -1.74993503, 1.23322272, 1.76193881, -1.44540071, 
		-1.73882031, -0.273895502, 0.583153486, -1.62648177, -0.877797604, -1.86607206, 0.310732365, -1.44507194, 
		0.741896629, 1.69764519, -0.94274354, 1.9187665, -1.52801883, 1.14787078, 1.46224403, 1.84743404, 1.02962208, 
		1.06769037, 1.88910866, 1.48843503, -0.404248357, -1.51476073, -0.174378395, -0.248337388, 1.377635, -1.13635063, 
		-0.745691895, 1.62770009, -1.90312803, -0.983753085, -1.81770062, -1.64194834, 0.742351294, 0.765452862, 
		-1.26843011, 1.86455369, 0.899380922, 1.04230213, -1.58051813, -0.358722448, 0.739947319, -0.523261666, 
		-0.439956069, 1.21192861, -1.37539089, -0.977711916, 1.05936241, 1.65423107, -1.91002142, 0.948471069, 1.1426661, 
		-0.314269781, 1.43371034, -1.03171217, 1.43739271, 0.811345339, -0.168062925, -1.30829906, 0.439045429, 
		-0.0711909533, -0.292052269, 0.621344805, 0.286860704, -1.54970086, -0.613202333, 1.01843071, -1.68514705, 
		-1.71382153, 0.0607328415, -1.26566529, -0.0725439787, -1.19931984, 0.21107316, 1.48749995, -1.98739135, 
		0.835682154, -1.49021184, 1.07197118, 0.489913464, -1.40023327, 0.0204422474, -0.367420435, 0.28549695, 
		--Type <RET> for more, q to quit, c to continue without paging--
		-0.545847416, 0.600867271, -0.277110338, -1.73450208, -1.56719553, 0.414590597, 0.704543352, 0.361613512, 
		-1.87746167, -0.674111962, -1.35152566, -1.42716241, 0.712685823, 1.66690493, -1.11230946, 0.998864174, 
		-0.272362232, -0.377974749, -1.07367969, 0.528317928, 1.83309841, -1.58617973, 0.540926456, 0.668780565, 
		-1.0763917, -0.387102246, -0.841305971, -0.476624966, 1.63334012, 0.791273594, 1.80887198, -0.912507415, 
		-0.607859015, -0.468238354, -0.647009492, -0.17505455, 1.94635224, -1.94246602, -1.81344104, -1.93110943, 
		-0.616577983...}}
		
